-1818980770
-84,86953
-822,2781
325,0723
-0,2999998
6,670107E-08
108,9046
False
-1818980770
-85,12649
-818,884
325,0588
0
0
84,15154
False
-1818980770
-84,42873
-815,3254
325,0588
0
0
66,05688
False
-1818980770
-82,6705
-811,8656
325,0588
0
0
51,77961
False
-1818980770
-79,80222
-809,3687
325,0588
0
0
29,71447
False
-1818980770
-76,52866
-808,537
325,0588
0
0
6,065863
False
-1818980770
-72,7404
-808,6738
325,0588
0
0
-9,442025
False
-1818980770
-69,36023
-809,9789
325,0723
0
0
-32,0517
False
-1818980770
-66,67075
-812,7221
324,9588
0
0
-49,00085
False
-1818980770
-65,23758
-815,891
325,0723
0
0
-74,6803
False
-1818980770
-64,95551
-819,331
325,0588
0
0
-94,66866
False
-1818980770
-65,40961
-822,7537
325,0588
0
0
-114,8116
False
-1818980770
-70,57858
-827,858
325,0588
0
0
-156,1004
False
-1818980770
-81,53294
-810,5978
325,0588
0
0
39,00597
False
-1818980770
-83,54543
-813,2007
325,0588
0
0
59,45084
False
-1818980770
-74,22053
-828,7543
325,0588
0
0
-172,528
False
-1818980770
-78,21032
-828,4433
325,0588
0
0
169,4
False
-1818980770
-74,85076
-808,46
325,0588
0
0
-2,323347
False
-1818980770
-83,96812
-824,5934
325,0588
0
0
126,5491
False
-1818980770
-77,76254
-808,7337
325,0588
0
0
5,626038
False
-1818980770
-67,35831
-825,8113
325,0588
0
0
-137,6081
False
-1818980770
-71,35629
-809,0051
325,0588
0
0
-28,57649
False
-1818980770
-85,28969
-817,5336
325,0588
0
0
73,16212
False
-1818980770
-81,68984
-826,7689
325,0588
0
0
143,3672
False
-1818980770
-85,21397
-820,3419
325,0588
0
0
94,76672
False
